[gd_scene load_steps=4 format=3 uid="uid://dsgk65t3mkwhd"]

[ext_resource type="PackedScene" uid="uid://c4lt188bc57xj" path="res://models/ArmTest.blend" id="1_p8l1b"]
[ext_resource type="Script" path="res://models/ArmTest.gd" id="2_ccgdv"]

[sub_resource type="QuadMesh" id="QuadMesh_6ate1"]
size = Vector2(10, 10)

[node name="Node3D" type="Node3D"]

[node name="Camera3D" type="Camera3D" parent="."]
transform = Transform3D(1, 0, 0, 0, 0.892743, 0.450566, 0, -0.450566, 0.892743, 3.38472, 2.16711, 2.17293)

[node name="ArmTest" parent="." instance=ExtResource("1_p8l1b")]
transform = Transform3D(0.69824, 0, -0.715863, 0, 1, 0, 0.715863, 0, 0.69824, -0.484495, -2.38419e-07, -5.53456)
script = ExtResource("2_ccgdv")

[node name="Skeleton3D" parent="ArmTest/Armature" index="0"]
bones/0/rotation = Quaternion(-0.00461288, 0.0206805, -0.37325, 0.927489)
bones/1/rotation = Quaternion(7.03902e-08, -4.39094e-08, 0.671081, 0.741384)
bones/3/position = Vector3(-3.85754, 4.1978, 7.2196e-07)
bones/3/rotation = Quaternion(-0.0113614, -0.0178853, 0.919761, 0.391906)

[node name="Cylinder" parent="ArmTest/Armature/Skeleton3D" index="0"]
transform = Transform3D(0.659871, 0.751379, 0, -0.751379, 0.659871, 0, 0, 0, 1, -3.40278, 3.31901, 0)

[node name="MeshInstance3D" type="MeshInstance3D" parent="."]
transform = Transform3D(1, 0, 0, 0, 1, 0, 0, 0, 1, 8.73253, 0, 0)
mesh = SubResource("QuadMesh_6ate1")

[node name="DirectionalLight3D" type="DirectionalLight3D" parent="."]
transform = Transform3D(1, 0, 0, 0, -0.00785395, 0.999969, 0, -0.999969, -0.00785395, 0, 13.316, -7.45058e-09)

[editable path="ArmTest"]
